3.690147285546845346e-01
2.987401354424158439e-01
1.796518439763210573e-01
2.630426718812947096e-01
9.373400023662266101e-01
4.576299771739994471e-01
5.970575412503699164e-01
3.387711007990579226e-01
3.485414814018390484e-01
4.187068387346551956e-01
3.119358816749957519e-01
6.590281465834235686e-01
7.968075392372296895e-01
6.643087728069061448e-01
9.260203225319769693e-01
2.327493832337385049e-01
3.398849332795883527e-01
4.043332753194927021e-01
2.607362666821975150e-01
4.355095997262700136e-01
6.602881509701920004e-01
1.065043753060793685e-01
8.013222485992126387e-01
7.096464759741595296e-01
2.584985033119595599e-01
7.391831809532366515e-01
7.711595708202939603e-01
2.205290036473749327e-01
2.205050277364490885e-01
5.611477413017097460e-01
4.842986479579224346e-01
1.274065660311064496e-01
5.237150049900942683e-01
1.335329590743009609e-01
2.091084321339125029e-01
3.698618822854823351e-01
8.103475078141705312e-01
1.275234456637869274e-01
5.503188383166063291e-01
8.087618371898475100e-01
8.047580268825976768e-01
4.496391153312738753e-01
6.909076688405155764e-01
1.213433564098866935e-01
9.671079367236589119e-01
6.330530763422403950e-01
2.536435648255341846e-02
9.367994654220330730e-01
6.133505614109988624e-01
8.462640566680035281e-01
3.184849660297152107e-01
8.988588690579335516e-01
5.934811483906164975e-01
3.867128665115268094e-01
1.693212156363270715e-01
7.065833736853812663e-01
3.657306666684113639e-01
8.335980436418970463e-01
2.546218982460471958e-01
5.428665947075205223e-01
6.356458114312881769e-01
3.015955909975694960e-01
8.508369697810669319e-02
3.709090014368509047e-01
9.409677101647784259e-01
5.675405800586904581e-01
4.719187761853870233e-01
7.024628912392639757e-01
7.785141969113694715e-01
1.482242104763056290e-01
3.621726531282090100e-01
7.067162412010631334e-01
1.522744502012868262e-01
4.157734233843581872e-01
1.715991051179022175e-01
6.212805879332997661e-01
9.141537024320860461e-01
8.492314281183992453e-01
8.161980401768297311e-01
2.562289365641120531e-01
3.044816081587218282e-01
6.927015345808312796e-01
7.921414126935377720e-02
1.767054987731067062e-01
5.046553437693214184e-01
8.968680751964459574e-01
6.841341304443318005e-01
6.346631496990648991e-01
3.033755916872437064e-01
6.722087757570691657e-01
8.127225296529546616e-01
3.628684912946424923e-01
9.910199666567734988e-01
8.711403489465914252e-01
1.685068349341013461e-01
1.840972064485340010e-01
2.858148137515702514e-01
3.869331362536966301e-01
3.178555846391304396e-01
1.389885633254669406e-01
7.316409240898402722e-02
8.913418558726560192e-02
2.342888192864527319e-01
6.678985706943019185e-01
3.061362685481148205e-01
7.712584806128242043e-02
2.993913231874389957e-01
3.189530657763810506e-01
9.922370028816531740e-01
7.285210897885078252e-01
3.170211095013679703e-01
6.655293835085913656e-01
8.454357183246747898e-01
9.448560095919340540e-01
4.331728761027696661e-01
7.005430576058314651e-01
1.934949842121570507e-01
2.583752663492090429e-01
7.026025109911749889e-01
9.837408026942304762e-01
5.893283912875865171e-01
4.725048204673820695e-02
4.096500039341983701e-01
5.739312796512876513e-01
1.559782542375043324e-01
9.945382247737049042e-01
8.591986483922124940e-01
3.841543783341024865e-01
3.133261289852921072e-01
4.780014091997552006e-01
8.791800225443326955e-01
4.590504745954652188e-01
5.730669192054259620e-01
7.710923221848402509e-01
5.941404919423407538e-01
5.833185059047563126e-01
5.109355941620860042e-01
3.930241178786157974e-01
9.637071791452278546e-01
9.875602532594197625e-01
9.861098988262884113e-01
4.203006856498452404e-01
6.672205038219252149e-01
4.378563062577244258e-01
3.835281153982739166e-02
2.218945501287049593e-01
9.812817883669283647e-01
2.900102535164772455e-02
6.183913673415233347e-01
7.042142590477621367e-01
9.378290582524826391e-01
7.564402195790195238e-01
9.922559134493295074e-01
2.199687642070545790e-01
9.313461605254045317e-01
1.815556327933579572e-01
5.443574451189492347e-01
8.796936061415895347e-01
9.000025390184662744e-02
5.004688740552224457e-01
9.972205541854093358e-01
8.431368411272510688e-01
4.978624981890098500e-01
8.473739904098563924e-01
7.076751777560554846e-01
1.535913422185949395e-01
8.634640461383247256e-01
3.633219953426385374e-01
4.415874145702162190e-01
1.043628082332471729e-01
6.610188088570499998e-01
9.564591557621145990e-01
3.029392299795767851e-01
1.988034838416696815e-03
7.850186109978825044e-01
9.636430252933925189e-04
6.881033533010223469e-01
1.914190882011618244e-01
7.435149601568158406e-01
9.860976054087273734e-01
3.246956383465686713e-01
9.092177221196836578e-01
8.531354980611335348e-01
6.425195254436548709e-01
7.750753168318817998e-01
4.884232089942570632e-01
6.873133475329749054e-01
5.891274403345114763e-01
2.023801260344981756e-02
2.469685454615488940e-02
2.445601471351216416e-01
6.765654654135572210e-01
1.421771282515982282e-02
9.372363300913357786e-01
6.587324561857679228e-01
9.397030622425149859e-01
2.779512187597280581e-01
3.487825001084196019e-01
5.025618518497311227e-01
6.040046945054811101e-02
1.110064006962474537e-02
5.830420415612220797e-01
8.153123567095019730e-01
2.971725296512539582e-01
6.508049665625461611e-01
7.778979096266153137e-01
2.791558634082644819e-01
2.906505246003242560e-01
6.810934931498103806e-01
5.699062949751635410e-01
1.349762820088269422e-01
7.343868478953651246e-01
8.941124657727189673e-01
7.861786824060457146e-01
1.030153121244080650e-01
8.984813701994412982e-01
4.037433784067431253e-01
8.567196888487930151e-01
1.482399116572222786e-01
4.962703020243265373e-01
5.809036272264851419e-01
7.458820596073714171e-01
9.640684712830971392e-03
6.032724830227153001e-01
8.261520331989435917e-02
8.038515023568020279e-01
9.153349396404844018e-01
4.176766705338020857e-01
2.496466410373553435e-01
2.382926670338342268e-01
6.213635532790622307e-01
4.631400868552070227e-01
4.839788807027965989e-01
6.908277525469371794e-01
8.936705497349556326e-01
9.146470017338848013e-02
1.523541029033668170e-01
6.841822192583975060e-01
8.766914885697504323e-01
4.065139379346048853e-01
3.466196276726827286e-01
3.252334981006721470e-01
9.321403423911388542e-01
1.325864654938779807e-03
6.356069220314286561e-02
3.465175718632385049e-02
5.950496491341302763e-01
4.757537194105104783e-01
7.277359034556364348e-01
1.070615487097290597e-01
2.710055974334697471e-01
8.611300246976667516e-01
2.688275929869458070e-01
8.437074470618615152e-01
1.243677609056877964e-01
8.080091774369239088e-01
6.644874399865705605e-01
7.558982478175091391e-02
2.670993858305218405e-01
6.367397357121429291e-02
6.384160642873372149e-01
8.198808770523339229e-01
4.843888159725144860e-01
2.876745101405946414e-01
8.239891121124820472e-01
9.586525886511116923e-01
6.385540452216864615e-02
2.128498993714447174e-01
8.642977130538289643e-01
2.591051475226392453e-01
4.140254173074910948e-01
3.324671636907750027e-01
3.301071416470229281e-01
4.936892192993468376e-01
6.382548815147238708e-01
1.032772402357358121e-01
4.366624099166990236e-01
3.987008477148641372e-01
8.376890722676957335e-01
7.546410732958696022e-01
9.273139874248081949e-01
4.848130894753872600e-01
1.827802517091378087e-01
2.132459890533910940e-02
2.345602389298314661e-01
3.499773148259531785e-01
2.563692748816354117e-01
4.245889222534988683e-01
2.846930284831057367e-01
7.200436503273384137e-01
6.005102435288399709e-01
8.872257833279915129e-01
1.990686112911532746e-01
3.223541817947389587e-01
1.021063530113962559e-01
6.015558233746260974e-01
7.931126538231758616e-02
6.013395019298231059e-01
7.708829268991335137e-02
1.291124791831329555e-01
9.189454634430833657e-01
9.630757391877587947e-01
2.200660015125358582e-01
8.223559949169750860e-01
5.519332760288424566e-01
1.755731591543796544e-02
4.280393835881710629e-01
9.045374512957918833e-01
9.160269338540224515e-01
9.987344118714204244e-01
6.169135707269912672e-01
6.407538949995623678e-01
8.888315664931374371e-01
1.367877953295560944e-01
6.829824533650665774e-01
1.266598558589082657e-02
7.615052296947066868e-01
3.211307715639728499e-01
6.675951170507669064e-01
9.644150963076192351e-01
8.585720234782894256e-01
1.622729252100773012e-01
1.761759015585364629e-01
7.453848777183880170e-02
3.596862234049658102e-02
7.862926618009721258e-01
4.414897841859946048e-01
6.658114875597018756e-01
1.692131916430068550e-01
3.852024320069330487e-01
3.193092917237733142e-01
1.272370953706355445e-01
5.472498501730731491e-01
5.487369859101773883e-01
3.151137020667119648e-01
5.335325861875414022e-01
2.296685062543292188e-01
7.469300486340546552e-01
2.259351941609891723e-01
8.698315317421906334e-01
5.663199696328952149e-01
1.389623356404766641e-01
6.745036191488260613e-01
9.646347029265908146e-01
3.976103784888540549e-02
6.955417493299813625e-01
7.358670321797087244e-01
9.745887974255391661e-01
4.909156325342467486e-02
8.814448224010126287e-01
2.465188671692986055e-03
9.572206280345555429e-01
3.212985236957273116e-01
6.324392376343618283e-01
4.467949067912487804e-01
3.050689261988088763e-01
1.703020957313778894e-01
9.792857751184163018e-01
3.132952152372373567e-01
6.042771270167330844e-01
2.993150118214432664e-01
3.677210270927152580e-01
8.446321116178260313e-01
2.617178790527031618e-01
5.867121571308571149e-01
5.059875584502567802e-01
8.701893204433266416e-01
6.004042128086602981e-01
7.469707695283476223e-01
7.164752094632468316e-01
5.608963168451106540e-01
5.463669438599908501e-01
9.040339850134943012e-01
3.298767440264754880e-01
3.911179475070537537e-01
9.235973766927807471e-02
4.853440720874941938e-01
3.014174972460794688e-01
3.738959030593441701e-01
7.693386485339155367e-01
6.364855053009642605e-01
6.453290815548522463e-01
2.000611045058328097e-01
3.746424117923421448e-01
8.082915545280011660e-01
5.792525408750558436e-01
5.670660706597137057e-01
5.037699441370983022e-01
4.798168537034225301e-01
7.482910310589186986e-01
5.993697085516889178e-01
4.944627715622431641e-01
8.264275466126469460e-02
6.940481562752813804e-01
2.031057269326175252e-01
4.919389046912531205e-01
4.132893437030156214e-01
6.064783779856863788e-03
9.084554130073113631e-01
1.590383365060529242e-01
8.713221734472197388e-01
7.561959130593798317e-02
5.295709342471563996e-01
4.149270384655463495e-01
4.120471738340945045e-01
6.196030369140129723e-01
9.939243119780253322e-01
5.712206776082584536e-02
5.881083118425447509e-01
4.843512008296018134e-01
6.528766144682068839e-01
6.551369099929569284e-01
8.193829806651615755e-01
5.191004139875482482e-01
1.675077258959940529e-01
3.300665530035707951e-01
9.145264217204651658e-02
2.678398114096137705e-01
8.061035719004816524e-01
9.888685075819070303e-02
6.364702935772313941e-01
6.207716943598363679e-01
8.684653924207134112e-01
5.808290852044917241e-02
3.652232654415282775e-01
5.568377212179906888e-01
2.694461334004947251e-01
2.794630805931329620e-01
9.997880224063996346e-01
6.550985441364390871e-01
9.772787555662035830e-01
6.896518082009358563e-01
4.746921072865809554e-01
8.580549255530645070e-02
3.108384180037032651e-01
7.560887729465066709e-01
3.169244378607837254e-01
9.461144184507094268e-01
5.065120773168330093e-01
7.659982448485824769e-02
7.736425036953693546e-01
6.996714611083070245e-01
9.097573624600210351e-01
4.083952207853922545e-01
3.020737016630463678e-01
6.379070738691092757e-01
1.750665850465429330e-01
4.409863591183661446e-01
3.287277985580742135e-01
8.220932051605769342e-01
6.330107319387818787e-01
7.956252531783715165e-01
3.410846185704853317e-01
5.181945374317751263e-01
1.863295172108070386e-02
5.258205792584356164e-01
8.917243489046967619e-01
2.959914957781839551e-02
2.105774389770841415e-01
2.680850639848911809e-01
7.658577864247544387e-01
2.952529421679975785e-01
8.691584608858128336e-01
7.916323012030377360e-01
6.637817232270838419e-01
3.792219874105817734e-01
9.934015718678473883e-01
8.545556364462896237e-01
2.924958220120821295e-02
5.776165275458287063e-01
8.816840756052425343e-01
2.943278584337383208e-01
3.493479516680799701e-01
5.756184024009495248e-01
8.747609546744814502e-01
4.212440717084489084e-01
8.982839506506762328e-01
2.965110065628929759e-01
8.745135385925989491e-01
7.660406058270153862e-01
5.608421799377846240e-01
5.561074819668553326e-01
6.966437693121499963e-01
7.163797709209684950e-01
4.327102949097223483e-01
6.217038361505344835e-02
2.341832575087637869e-01
5.628887983901519343e-01
3.934914542264602577e-01
2.395707395386958982e-02
1.309844460197765459e-01
4.760036422704843062e-01
6.719686615635577231e-01
8.928681923954208122e-01
3.112416092759306974e-01
5.003897281394483754e-01
4.090435212877742144e-01
6.999852888695009545e-01
3.966818637862947750e-01
4.323269533902696082e-02
4.694161569818632307e-01
6.848493663387099639e-01
5.894915428629886600e-01
4.655953448927039329e-01
6.268012025521793040e-01
1.002385069266035211e-01
9.076217080406125959e-01
9.990239817869220884e-01
2.446837783498665431e-01
2.222054557144813591e-01
3.441920898916028815e-02
5.640296467366322508e-01
4.413194688193095017e-01
6.084810651511377566e-01
7.678729295564779012e-02
1.389121130888044675e-01
4.905331638536507555e-01
4.640247788282970687e-01
8.227385213027328392e-01
8.465100666980349686e-01
8.094339265280162676e-01
9.534848334107562939e-01
4.653053841682913694e-01
7.192100925983062609e-01
1.405488729836650297e-01
2.016464758012992409e-01
3.896961962211572539e-01
7.403355056004661261e-01
8.523045054323133973e-01
1.159188495450860223e-01
1.076029965779929931e-01
4.019467261083310428e-01
2.588197128799492042e-01
4.729011881688808261e-01
8.010302460754137321e-02
4.209940008969021985e-01
3.484582088462299110e-01
9.666727891674666839e-01
9.863142583594701751e-01
9.161575944513320469e-01
3.153164530562613255e-02
8.843336468350609936e-01
8.575183828387822338e-02
4.512528277825711420e-01
4.363481422743427096e-01
4.624884359957137647e-02
2.254927520894373094e-01
2.791029896104360031e-01
8.208464872137777313e-03
4.960348744703464430e-01
5.429946140105795793e-01
9.423357478879147431e-01
8.721331774736068576e-01
8.918211217529879997e-01
9.253423367369141284e-01
9.332787310329901942e-01
4.876973007053443387e-01
7.526056514244738871e-01
1.171929071692007218e-01
9.446393469376513918e-01
7.831901369094882437e-01
8.054188573207924362e-01
4.842429399750025620e-01
2.731927690013549181e-01
4.591551214587265006e-01
5.268212041630209175e-01
5.119728115271100499e-01
6.780166027126246497e-01
3.714320582667118842e-01
3.359136039885188829e-01
6.576185151156290765e-01
9.714640608335864957e-01
5.583050391220383268e-01
2.936199904805562033e-01
7.608053989311991394e-02
8.421133982983539656e-01
6.734610079409361072e-01
5.694347667525190282e-01
2.294544234741402455e-01
9.387567289601157494e-01
2.770698064192518295e-01
9.371131161106512897e-01
5.102465340086255186e-01
1.994756677271050105e-01
8.356692352951216041e-01
7.438162545822014637e-01
3.759656989397260896e-01
8.106287329218387905e-01
1.455350910322990021e-01
6.997581862219516280e-01
6.558539780069000402e-01
7.198309421231438021e-01
9.013851085265405239e-01
7.596362012557261734e-01
8.627003179890495588e-01
4.827876856113353377e-01
8.670182689593218806e-01
4.559121035266950894e-01
5.128852088829636280e-01
2.716001714935915023e-01
6.592063864850822297e-01
8.897912645767674933e-01
4.101311992986151900e-01
4.828190195561841147e-01
4.002054139650312869e-02
2.615988103084350147e-01
6.176045870938943194e-01
9.312389903114797196e-01
6.478091018725592454e-01
5.743946042628789161e-02
2.892936472976243012e-01
9.580664803920558859e-01
3.839385234031751359e-01
3.313633584247579478e-01
8.162035253003094848e-01
2.376305403955284445e-01
4.762272401223464069e-01
4.587138109509256712e-01
5.269539117257981964e-01
6.112300863956963148e-01
3.000418047477139138e-01
7.947994860029641284e-01
9.086757444429043318e-01
2.272261506416538568e-01
8.165442360690964296e-01
4.931690064271114782e-01
5.370359161775972723e-01
5.671050134555759570e-01
9.294154032517987218e-02
1.235613239824240317e-03
6.484868866301699564e-01
4.797474513423429787e-01
6.464006952487322266e-01
1.757500823740629770e-01
5.813246626291626029e-01
8.669692136063130716e-01
9.767903131481303625e-02
5.578351776385908067e-01
3.931954375433635018e-01
2.444846552747214075e-01
5.087286706797111702e-01
1.305291271459685376e-02
1.270770016275825087e-01
7.441668468390796320e-01
6.242597326326245755e-01
6.770365642138960194e-01
4.306929213766533815e-01
6.309753249940288633e-01
9.828634630292348850e-01
8.352232004963877632e-02
5.533264193905406136e-01
8.842314850944866800e-01
4.073767698845666141e-01
4.615599773291213515e-01
4.859165212437602799e-01
6.116118570524469167e-01
1.565615139899999564e-01
7.759464988898793214e-01
3.893034629405027758e-01
9.591307451824160335e-02
8.005556564601882252e-01
1.914707582398379460e-01
4.148553805685917251e-01
6.309116597626638345e-01
9.015269631305117271e-01
8.992592392750696773e-01
4.094061479273833903e-01
2.758035034196438806e-01
1.160192486970138548e-01
8.348665478658654493e-01
8.484711762882377606e-01
2.190861707141251724e-01
9.882169489824762509e-01
4.020727308759994845e-01
7.808032557188260281e-02
1.665922404487851782e-02
1.520864091106425287e-01
9.263083113089652931e-01
4.867174147381648774e-01
7.910845395472289043e-01
4.897077095123569812e-01
2.865570176986466100e-01
5.314885107450293411e-01
7.871156427352214990e-01
9.738533952980306108e-01
2.701169455079468484e-01
7.677673626140825158e-01
4.529341126274873952e-01
4.373396465018764001e-02
7.627153208738187695e-01
6.150064489142453850e-01
4.303591422841712699e-01
3.718452248309996877e-01
4.698704090195167105e-01
9.409628416522678451e-01
2.258557008706005842e-01
4.028515387029442119e-01
5.090246508571927286e-03
9.848080502353488974e-01
7.568567055218441419e-01
3.444490456882881579e-01
6.484722975911031417e-01
6.755885624848512183e-01
3.052433138642356436e-01
5.546416460973901952e-01
4.181928665142761181e-01
4.290528568784857111e-01
5.840998400901169507e-01
2.461958223440733340e-01
4.841509681123998821e-01
6.777731138217435447e-02
3.591007352306850864e-01
9.789107883256847886e-01
4.420371913797319641e-01
6.872490148727120607e-01
7.195762539463841367e-01
4.320878844990920786e-01
7.300164799444799346e-01
9.167069867942323480e-02
6.971956713214492174e-01
3.867559576323720272e-01
1.405207447960931111e-01
6.767118685688655599e-01
2.667415376341982780e-01
3.566335708444507979e-01
4.031172149988807574e-01
1.201567779355078303e-01
7.512321895097850977e-02
2.967127151818270692e-01
3.666839071435842312e-01
3.998599531394272377e-01
5.630350233609564548e-01
1.974557826586631482e-01
7.681842254860784536e-01
8.189482921339534816e-01
4.844757869809314110e-01
5.728111561490685233e-01
7.313859359212245836e-01
9.447527774266938350e-01
3.371342915087370828e-01
4.155640896088348413e-01
4.708852409820971641e-01
7.495874719566419930e-02
3.868036049485340522e-01
9.163446888256929768e-01
9.543120185130408162e-01
9.455541436984948866e-02
6.646820204868932880e-01
3.405531069015060863e-01
5.943663333975032215e-01
2.029258469211048244e-02
6.773535562545596189e-02
6.160837310780794551e-01
9.879598150374100385e-01
5.345268013054277345e-01
6.265882624927269218e-01
4.604318335071495571e-01
9.816024177292687058e-01
7.066236768487433872e-01
4.192725200180271727e-01
7.965532608761518585e-01
7.887278261934893564e-02
6.742572284313715913e-01
8.672982255278879338e-01
9.470089722364944951e-01
8.817315514594016301e-01
7.119655000232280040e-01
1.861864371523624939e-02
4.713139766922190832e-01
6.989393145337902125e-01
8.011937948808908194e-01
7.077259480159847627e-01
5.499620746211474343e-01
8.767542463774108397e-01
1.861458937042912432e-01
8.994415083569160529e-01
1.523104909266070894e-01
6.630821537478169825e-01
3.405621125915806457e-01
9.790362115476242133e-01
9.073143376635939283e-02
1.972549396286508161e-01
1.100541277015073538e-01
1.942461000649160496e-01
6.455765252722045489e-02
2.085553150435265346e-01
7.045141330930161372e-01
8.693186365572046492e-01
9.586722066743820214e-01
3.820032085078877149e-01
6.877313144891042951e-01
7.167508776463270559e-01
8.708147347224193258e-01
4.375356606429292583e-02
1.612013784249626269e-01
3.760129335298887376e-01
4.919314049680466594e-01
4.915877828701210595e-01
1.702113597582620708e-01
2.259118568763618384e-02
6.505756684236649878e-01
9.320345601859209017e-01
6.748530677005115663e-02
3.928224874217938201e-01
8.412076431227177853e-01
4.949200057538808428e-01
5.812499326595339522e-01
1.501202672674452065e-01
7.411956157138154255e-01
8.928170517988270882e-01
3.111432789338356431e-01
6.554477399088769474e-01
6.129692073424688470e-01
4.812145083968509818e-01
2.501406670669429344e-01
6.554307230045408605e-02
1.094938432257045458e-01
2.292064217072679044e-01
4.871939408721694953e-01
5.985651451455592520e-01
5.287273072043849886e-01
3.185156493413561218e-01
1.634733453917142088e-01
8.277233161715907839e-01
5.524411050993714989e-01
4.729586590279787339e-01
1.509133007131588933e-01
3.542686727149573223e-01
2.716328478430665161e-01
3.523135276182423059e-01
6.432711929301255793e-01
9.967030900142003214e-01
4.559623524343657808e-01
6.283950774966322594e-01
5.776827455957113111e-01
6.140471243201521823e-01
5.536644500501286537e-01
3.081805145708900184e-01
9.957652406784945898e-01
7.665525189862428812e-01
2.502639771083731146e-01
8.503781509523949955e-01
5.582551829402093713e-01
4.699037877950547060e-01
5.102114122109159267e-01
5.729532249473955341e-01
9.152879454042056606e-01
3.039261373177100101e-01
8.078718170212136895e-01
4.292653201941166730e-01
9.704856759096631702e-01
6.597437360113681537e-01
9.521680346914952464e-01
5.759179716250797387e-01
4.499621407515750349e-01
1.148760189016588829e-01
1.722365724362899808e-01
3.953234140729458002e-01
7.280163264735317608e-01
9.808116182561288365e-02
8.473611156366306352e-01
9.381871351086793487e-01
6.049991905467667630e-01
2.404393152566581815e-01
9.742201626651126878e-01
8.731609607088319791e-01
2.274245812984421189e-01
6.894104438007193636e-01
3.091507038971006427e-01
3.045772049552419869e-01
7.435953281853597829e-01
1.067769079095373108e-01
4.900687399279100021e-01
2.532997445752604992e-02
3.238165968402048067e-01
1.386248800235800882e-02
2.254064269414487454e-01
4.564599776911466567e-01
9.429881967678654942e-02
5.364780178017086731e-01
1.755630684092600591e-01
7.533573007337628358e-01
6.220423812422517518e-01
7.221151954478255419e-03
6.998568028837726107e-01
3.939019719153014076e-01
1.908762006764658237e-01
4.304760938703001694e-01
7.978721901888619072e-01
1.755377565059377254e-01
9.253294908809450714e-01
9.523813160369658526e-01
4.167192709749429902e-01
3.755487518340140385e-01
6.021627367504251982e-01
9.435640718744020550e-01
6.623576435365037263e-01
2.324559836392779966e-01
4.176048107919227981e-02
8.584914224628579227e-01
6.172386594379426494e-01
3.019442630466857569e-01
9.664672787292589717e-01
3.187783122044922646e-01
3.272019061903178594e-01
3.675597606675684581e-03
9.299146019154517218e-01
8.962992837083799680e-01
1.494524221501751793e-01
6.317624793233899139e-01
8.936583056005418246e-01
3.649748557696200768e-01
2.143451989845567285e-01
4.541054321474936595e-01
1.804381174808010746e-01
3.827775696070774281e-01
7.411681489970295411e-01
7.755687479959741948e-01
5.185141701068511910e-01
2.178431524978691192e-01
5.892650188501460384e-01
1.378713377476759039e-02
4.697625900517816699e-01
8.309426151219300172e-01
1.750153127516371754e-01
9.579079616608926484e-01
1.544193354042190380e-01
2.336674703709484824e-02
2.137914781440763967e-03
6.850616384243826129e-01
5.666418648290312277e-01
7.743272497159685575e-01
2.101087704346072949e-01
3.991275133064023928e-01
6.593066060932256667e-01
4.388751390190515078e-02
3.294595778742068770e-01
8.395582371727812188e-01
8.396672944340359823e-01
7.459862423123155839e-01
8.563121699304432344e-01
3.130647704539827325e-01
6.814013964009257851e-02
5.910025986376297169e-01
8.005971170975763052e-01
8.118054688429515720e-01
6.588793362161164957e-01
8.261958923578196501e-01
8.693056810917400012e-01
4.985431162945653805e-01
5.524664085465194052e-01
5.994731558861702281e-01
5.842076568302477790e-01
5.450348786935477197e-01
9.706956441590820495e-01
9.857297667399668173e-01
8.273025983677297912e-01
9.553736788197429997e-01
6.028811713995687604e-01
1.506580192637073656e-01
8.415571223118527566e-01
9.240488810906549721e-01
1.749232121185332334e-01
2.826447967662121252e-01
9.729627616290403846e-02
6.761481131101672037e-01
3.919256462571075739e-01
3.383691082835570407e-01
6.490672948010703935e-01
9.444868924515644748e-01
6.656417936615096620e-01
5.346039549614486353e-01
4.036364595401539246e-01
5.395776531650720020e-02
6.751406182726150673e-01
3.917902574339288124e-01
4.783931518472814837e-01
5.673989996559644089e-01
1.350436950037272599e-01
4.950659527228140622e-02
5.836955942737709346e-02
9.216713441845482135e-01
9.595170313255154682e-01
2.398636046505874253e-01
6.686311576663990230e-01
5.039312730432651266e-01
8.798367943211127251e-02
5.770842322344515996e-01
1.994828990530801427e-01
2.061928063049066617e-01
3.708069980382332487e-01
6.272884251743323647e-01
1.159804501771235508e-01
3.999253167928388253e-01
9.812315133489704078e-01
4.436024412471988310e-01
3.660298593703450454e-01
7.472696042777439152e-01
7.356566067689899180e-01
6.904980528746054169e-01
