3.220282545594825852e-01
7.373330925745001929e-01
5.787510006285155884e-01
8.592074083469513068e-01
6.376205173995391773e-01
3.117642573794698890e-01
4.570215107190068737e-01
9.810600862942062683e-01
9.466146877468487597e-01
1.803739786752989183e-02
9.970837844215905132e-01
4.056957396298643825e-02
1.908599592367392628e-01
5.715993998740982462e-01
8.999084487795881993e-01
8.217888723530397677e-02
3.769106142000151483e-01
6.618589159750197792e-01
2.451077678157321804e-01
5.438904386192180418e-01
7.553799371227341020e-01
8.881981443542243948e-01
7.321118854546255772e-01
2.364922488753343766e-01
8.184570917486647668e-01
8.394049658656559387e-01
1.573322327471611271e-01
8.643768636810271744e-01
2.555840097964230395e-01
8.741937369269239255e-01
9.490515627002407140e-01
7.462446134982939627e-01
4.937945397738474629e-01
4.940079971769073541e-02
2.069325192621154219e-01
8.803974072223563763e-01
1.627652535792545319e-02
4.324438424491504618e-01
4.326057603706223720e-01
4.824584123345927456e-01
9.655227032609308147e-01
7.888791652277421518e-01
6.955067826698400069e-01
7.149054032539194914e-01
7.314925580127629168e-01
2.201126082270781215e-01
8.308893557639251970e-02
2.843708961893646192e-01
3.853966966394868354e-01
7.101567798283333621e-01
5.058638799413054388e-01
4.105484816869050535e-01
9.515114367615613578e-01
9.243355500735936925e-01
3.631710028325307871e-02
2.033947305394149252e-01
3.756086669057556726e-01
9.649076833862082481e-01
9.239298850335112556e-01
7.547175506881331764e-02
4.941313303223154874e-01
4.768069272291685090e-01
5.012204108114458601e-01
4.542559279406758188e-01
7.003437418358940958e-01
9.449363291253727315e-01
3.214004881980292438e-02
2.528380181673058891e-01
5.711716774006191377e-01
4.971228457654874866e-02
1.752901440386590570e-01
9.002347076953134408e-01
1.962793432628084922e-02
4.719212052788954725e-01
4.013984910419898799e-02
8.388928963396731220e-01
7.892680976197136156e-01
3.751264933380898947e-01
8.269568696977217526e-01
2.833122542661193899e-01
5.265869761741590604e-01
1.241143637115527110e-02
3.605270653392750324e-01
7.929611665135805065e-01
4.031614990271015220e-01
9.404612026701290040e-01
4.611749609314591547e-01
7.978792345872209868e-02
5.553534072777631669e-01
5.477842340631966511e-01
1.017682548297939027e-01
7.829327115353655886e-01
9.111493819687206397e-01
5.621729932138150865e-01
1.885408072196714802e-02
3.913609339761247030e-01
4.770458933868894080e-01
3.942296041696130571e-01
3.132334746476558296e-01
5.306962042425936721e-01
3.344424173894318120e-01
9.478045641652516062e-01
6.795014618456769462e-01
8.110051680890325576e-01
4.103980788649497224e-02
6.319357866039881921e-01
5.051635887677246028e-01
2.990668650239362014e-01
4.986449103750910661e-01
4.487005706254910686e-01
8.158961914969622420e-01
3.521472813128345702e-02
4.254280070467333363e-01
9.478898814064288247e-01
7.823984522389099139e-01
4.896526463975525711e-01
4.766627854251611618e-01
2.458032448123155245e-01
3.451613402630571148e-02
3.935857131795705843e-01
7.238470466454082208e-01
1.132013401235324457e-01
9.612805138976721064e-02
6.390449770907052907e-01
2.549579418923881846e-01
8.395437794762671269e-01
6.481411299439594487e-01
9.506892964323674367e-01
8.047035000732248866e-01
2.238759756265111811e-01
3.680111657882514375e-01
5.866967409051903060e-01
9.959656363137197044e-01
5.329178769523436054e-01
7.610820990297431088e-01
1.269503267792305712e-01
3.383004398644151589e-01
3.085614237928264725e-01
3.146939779059818587e-01
2.883665018472921782e-01
2.960482251774338991e-01
5.487467469368405570e-01
4.590309541594128628e-02
4.619424133242905350e-01
1.957734754764248741e-01
6.863191895729475744e-01
8.091434498666161268e-02
5.011533334936234541e-01
6.641686007870727382e-01
3.781098026467072382e-01
1.191958286074035200e-02
9.230895097747540134e-01
2.309863403316769759e-01
8.771173006645431869e-01
6.097543206164287577e-01
5.646551773878990543e-01
2.755631646207974406e-01
9.765105890818688295e-01
1.487202521014929779e-02
4.024405430475233025e-01
2.748379058032122124e-01
5.095142539737644860e-01
3.057125566635817693e-01
7.495502814602135189e-01
9.067712896102092524e-01
4.878341695522234733e-01
6.182165864170415803e-01
9.599478372239840240e-01
7.765283342945223932e-01
5.854718239490948051e-01
5.200445205487332911e-01
8.476258731203655250e-01
9.064355406606299237e-01
6.627747256177674018e-02
2.422502911974155904e-02
8.358436007318028604e-01
8.450922037492373251e-01
7.474097736960798599e-01
6.538993686837191177e-02
2.582923205754540374e-01
3.668081258304421999e-01
3.355133505356665546e-01
3.353349928750841702e-01
6.468772889449359020e-02
9.214624740699651761e-01
7.118898497503440836e-01
6.926778928108876521e-01
2.646968401878968535e-02
1.652219438167090715e-01
6.573419862108683676e-01
6.777957641571096259e-01
4.278470319347557060e-01
1.112201490538098358e-01
7.816729106029277618e-01
8.179061967944228906e-01
3.951589976123247583e-01
5.167312962630222772e-01
2.891910381441027411e-01
4.914630050796622296e-01
7.982618846793571032e-01
4.154881213450695165e-01
3.043062281395569890e-01
3.487505019101455606e-02
1.623839782257748832e-01
9.539930880263658430e-01
7.158161876986472993e-01
2.449158423534314455e-01
3.985023524030729680e-01
8.437513553681207368e-01
6.788277407749929715e-01
9.094210122680334019e-01
1.781034225591491271e-01
6.050595590334929552e-01
1.551034924593109876e-01
4.130963161481460144e-02
9.846909946355291154e-01
8.518144155839666443e-01
3.066499389315785473e-01
8.728986448762817707e-01
2.371269820315772270e-01
2.932081696986367225e-01
9.721412541449836464e-01
8.991353846636803704e-01
8.619828618287903588e-01
3.239434990921722379e-01
9.922281180272730650e-01
5.277976176833701905e-01
6.459909604761258084e-01
4.751119435823708548e-01
5.782828981056762352e-01
1.350561936975158694e-01
8.553918469158893201e-01
3.496215868711539665e-01
9.152597286346441097e-01
6.935981334660660247e-01
2.502478212260716983e-02
5.755571350720645185e-01
1.999648771550930348e-01
8.637647879782469618e-01
5.114709040414749941e-01
2.470423939659819323e-01
7.730097604652055310e-01
4.458778071019668943e-01
3.177457206688023561e-01
7.456348876405711756e-01
3.397910107526255219e-01
6.962887974242008005e-01
3.942023408913551963e-01
6.192920484414442539e-01
3.049132208319369486e-01
7.393775625997784928e-01
8.124346657033673091e-01
1.993898784061540752e-01
9.582195193988461979e-01
7.821370453492658692e-01
1.371539818117974985e-01
1.479744750608653625e-01
8.623236708630258596e-01
3.148944398953343882e-01
7.756951447281054124e-01
9.947964683572091404e-01
2.279215942686150242e-01
9.234545181391926594e-01
7.632910413272857575e-01
8.287367028047283313e-01
6.787282987264531275e-01
6.835705669668935558e-01
8.281842452584176062e-01
4.190344830996036718e-01
7.812896848257839810e-01
8.148871297428273985e-01
2.224634730789256665e-01
1.914387860788919760e-01
9.572680417312913193e-01
7.924628167020044689e-01
3.688378751695803315e-01
4.402318982407729120e-01
8.855026269911202563e-01
4.899905697509590041e-01
6.418205716019775853e-01
7.902422521882729312e-01
5.345715590299705555e-01
5.478957936928199324e-01
8.203583688975053523e-01
8.920850515229447053e-01
5.905662066298934532e-01
6.249989604385204345e-01
5.460100659911577559e-01
4.220005629683699633e-01
8.837438248871738455e-01
9.907233413711302727e-02
4.152883481906809449e-01
5.773312587166733456e-01
4.726414563857523898e-01
4.649274891887644756e-01
2.196779183709077765e-01
8.551904868222557354e-01
8.766581718104000664e-01
5.012735306815473413e-01
3.732074430608361970e-01
4.320050463633314797e-01
4.528615118400372008e-01
3.786027782768008887e-02
8.159776642980097749e-01
4.945139004401358784e-01
7.640778629775476505e-01
1.292951822184822408e-01
2.743497702964572404e-01
7.628218836417108850e-01
2.315688265344173491e-01
6.625693879485938798e-02
5.412215070735141298e-01
1.165308474947521766e-01
4.046052779968323243e-02
3.237104049960998209e-01
7.536689085354175699e-01
6.655771157059811038e-01
9.862693084620353101e-01
5.636402262043586076e-01
5.294584275960955155e-01
7.872649668370744758e-01
8.460576691926570136e-01
6.977248681606758041e-01
2.627085295911022467e-01
4.282362354925807191e-01
3.804741402675095863e-01
7.256302827415369583e-01
5.159267558342416349e-01
9.180480615809868405e-01
6.535891319660038778e-01
5.680654539225115096e-01
4.619929168178630308e-01
3.482307693009230043e-01
6.764763836582662337e-01
4.028082181939173223e-01
9.130505753838811245e-01
3.548975689109409304e-01
9.983054281479207814e-01
4.979214172380438397e-01
6.219122551208798866e-01
8.396253827917096180e-01
9.938794883321149243e-01
3.259693997100975293e-01
8.149976477635114680e-01
9.338209574886968678e-02
9.553721027839502389e-01
8.895188815279209127e-02
4.443000460698125487e-01
8.988889171816288881e-01
5.610023751835033767e-01
5.873509640132674736e-01
4.664572078243134357e-02
7.927657135560547408e-01
2.373378736549114354e-02
4.094488090274421843e-01
2.549171186130551048e-01
9.201464572570928757e-01
5.595587773000956222e-01
1.457259889008747367e-01
5.714093097192081139e-01
3.346891186262089812e-01
8.070993979887097769e-02
1.783345607494671858e-01
4.454361378379873004e-01
5.199916371606075893e-01
5.796272368993866664e-01
1.951713631107300229e-01
7.027376523382735662e-01
9.535686128517502080e-01
9.243209223728864332e-01
9.737977022863637533e-01
6.675120697072907117e-01
9.115794117758677650e-01
4.860706785474840919e-01
9.750711188916997285e-01
5.139978452534066378e-01
5.342872394248053824e-01
2.992636306604683494e-01
3.588131168712357377e-01
9.905271976874129303e-01
7.631347262665907349e-01
4.042039218976916093e-01
6.646940763384782125e-01
4.666118184900114318e-02
7.583191417676526935e-02
7.698186101420926297e-01
4.217395192869631826e-01
1.190732305832250537e-01
1.440193506131117740e-01
1.068480736012655807e-01
4.728190978665903765e-01
2.660506322649969224e-02
9.120167155755810606e-01
6.665221257009966704e-01
6.620218439380405329e-01
8.931579698672935663e-01
1.109297528966217694e-01
8.570083012083680174e-01
3.959661430975597307e-01
1.601290996008444267e-01
8.351649821911359961e-01
9.397725432070006546e-01
9.375242324471712019e-01
4.144865477092940509e-01
9.853575898832923619e-01
2.035448069185084030e-01
4.565464650811115188e-01
1.479046114741161544e-01
5.332221823736915667e-01
5.195913350061479585e-01
9.684715079711020413e-01
4.070042813541192572e-01
4.916796621644915488e-01
9.575275612554980942e-01
4.786840255017232870e-02
8.972844896223284294e-01
5.566458073298194975e-01
8.311129126335242701e-01
6.142440128814596889e-01
9.931681866142908488e-01
7.122853887028884889e-01
1.522828352083273051e-01
7.134624550229142770e-01
7.989856485076418657e-01
6.455150031770707786e-01
5.078445353387789352e-01
6.650982456647867025e-01
3.207744718749583335e-02
1.291275348665514855e-01
4.233499882730856756e-01
3.178431125381161459e-01
6.456583602037347935e-01
7.577778777656341003e-02
1.147440229440757076e-01
6.861059110549985185e-01
7.911702461876235493e-01
8.070679697952761744e-01
1.506789308877447553e-01
5.787507109234364400e-01
2.433568934284048302e-01
2.865308267341463155e-01
6.225705421599780909e-01
7.484058381874474364e-01
8.989406457307194120e-01
4.250342197749944484e-01
7.172246220156603957e-01
7.666680507663582445e-01
9.099002061565886201e-03
9.116176346088578075e-02
5.337292328288663068e-01
5.610423145260815536e-01
3.587359569888460831e-01
9.743149468051085504e-01
4.638874088244271388e-01
3.660348428717092872e-01
2.464413033776554629e-01
6.467680790736715091e-01
2.117251233757652118e-01
3.970954316505498349e-01
7.843569183329348604e-01
4.733837804324376730e-01
5.155659960999572355e-01
5.014664830248763971e-01
1.573269554791066893e-01
9.189853605965639938e-01
7.986070907205464753e-01
4.451847054627645628e-01
3.079397959760078463e-01
4.920896071940916716e-01
7.015554473681894221e-01
2.950219748438615008e-01
2.718724804480943114e-02
7.831304281572845083e-01
6.938156605664058674e-02
7.117568958404258961e-01
5.171391043802693321e-01
4.397978080558508918e-01
2.430502222521973010e-01
5.974924116344910718e-01
7.727997039021906600e-01
3.317990301594792024e-01
9.548944498582425666e-01
6.438043838949778497e-01
5.182137483400485189e-01
3.917697381035979420e-01
3.492111512381118610e-01
2.986686892556491557e-01
9.223360691638033959e-01
2.707294045474569755e-01
3.874351365465232844e-01
1.158597368391859339e-01
7.873612340964175615e-02
2.237077383578951473e-01
6.503353258062003484e-01
9.148682185017821267e-01
3.774414778723718111e-01
8.811855188832707908e-01
1.631603252301236928e-01
1.160321543870207472e-01
4.480349376708308018e-01
4.186633593472630643e-01
3.568587699457651530e-01
3.753144880501601000e-01
1.335394556886673190e-01
3.421932753665019034e-01
1.911100122953520719e-01
3.258659726866747208e-01
2.008029555670093336e-01
8.333794110477729111e-01
8.068506413930454091e-02
8.988668240825838929e-01
1.647394639134069916e-01
9.936754098475112373e-01
3.913730776919865928e-01
5.486007178232884529e-01
1.242965275593480579e-01
9.705539787795008921e-01
3.005840050077638326e-01
7.394008815534638401e-01
7.319518475064725749e-01
5.786116272199646193e-01
5.870768414955812586e-01
6.259951144288702363e-01
1.318227731494400201e-01
7.061750401068989103e-01
7.394900788560543337e-02
3.120739746442409146e-01
5.646471700901816160e-01
2.785508447378494123e-01
3.584685304313622867e-01
2.049063511845724550e-01
8.178012151210047875e-01
8.694850406207205173e-01
1.466867877575059875e-01
5.033049968809631958e-01
2.035809067554877894e-01
7.971724992169242352e-01
6.868097040198652969e-01
6.244449397329183693e-01
6.879541801836316361e-01
3.830142422361637600e-01
6.837999188365753156e-01
3.965681357942293372e-01
1.268071772815901888e-01
9.223177040720447195e-01
5.100315086015690946e-01
8.450239801639556347e-01
4.058792322137424469e-01
7.528099795448464082e-01
1.029273925514131438e-01
1.234790849498061949e-01
6.498986051802685404e-01
3.076375089498899484e-01
3.102852112478371449e-01
6.568506204954686067e-01
1.190243151440211200e-01
7.933510731705465391e-01
8.422000109179020866e-01
5.035147568802176288e-01
4.771265323519131574e-01
2.707892459494932735e-01
9.067843057589173306e-01
5.391281321324808973e-01
8.872929411763401664e-01
5.440190245040388284e-03
8.045108122524347039e-03
1.812574059871763232e-02
8.373339210672029465e-01
9.258480866325512482e-01
1.467166605869887341e-01
1.083776695392024703e-01
8.030118691067011927e-01
5.454047662614860403e-01
7.115081861867975643e-01
8.091704755874221666e-01
5.317516500683096003e-01
7.019014961082220561e-01
6.605042597541720406e-01
8.293647535797941117e-01
8.150968617578223663e-01
9.334735431842845488e-01
8.316477728773375988e-01
4.652182600556264980e-01
4.117618933312694463e-02
3.212866508075691296e-01
1.246825460680188735e-01
3.508760668555125362e-01
2.190661469724667354e-01
1.217984062001112866e-01
2.479783426842065985e-01
9.339559038444509298e-01
5.664092283285270257e-01
7.467144919620061216e-02
5.607077318542130762e-02
9.988320763794897861e-01
9.443773093862164458e-01
8.106248878377115830e-01
3.583943602938666206e-01
7.154658692825883737e-01
6.701084168693330900e-01
1.996263426095594706e-01
3.953039758841239149e-01
5.756732818844128019e-01
1.448811056349683657e-01
1.791756028139102064e-02
1.793371698171334350e-01
6.493649692345406788e-01
8.297274106992483800e-01
6.903101778742798400e-01
9.234387979515631395e-01
2.125948762374847423e-01
8.676902760915472523e-02
4.329783069439857579e-01
1.605928422354766516e-01
2.704226971819319036e-01
1.288876692437747051e-01
5.883747061800974620e-01
6.616159606422772343e-01
2.349463284392271367e-01
8.652066731409889799e-01
6.747724313462135637e-01
6.807691036694543119e-01
6.545650386400835297e-01
2.887787769757000911e-01
7.459609766456434254e-01
2.786998492463668153e-01
7.864622698767875786e-01
6.512463700409810707e-01
7.989479151047901295e-01
9.573675535602694797e-01
6.440395268211803748e-01
9.494590228138662935e-01
1.157547318708395112e-01
9.366899819099494540e-01
1.754223099389484730e-02
3.218769795600481265e-01
1.843547223348350750e-01
3.725982672325647282e-01
1.270682904419041526e-01
8.846373914555528684e-01
6.425501993644521237e-01
4.571932793248547622e-01
4.751396862039442004e-01
4.726766047571830942e-01
2.380257262827634168e-01
9.122529441005831075e-01
1.329506649809020224e-01
9.031533340867936577e-01
5.363120723557793790e-01
2.841934163942126945e-01
8.443793180499213902e-01
6.756401649751951899e-01
8.950633973971677815e-01
7.893939917469013912e-01
2.685102108455430514e-01
5.386914839424834511e-01
3.831073873218749926e-01
6.260051774294042026e-01
4.352685623482399624e-01
3.553358437094893407e-01
6.415727250178805408e-01
5.181495925334512753e-01
8.780583731704031392e-01
9.976435479956036190e-02
7.304756057296634131e-01
2.797321581824726566e-01
9.381111949887153134e-01
5.719446383175164073e-02
8.267719255268961565e-01
5.305006002716228242e-02
1.455606882216247122e-01
3.118989744924012264e-01
6.435966040509103481e-01
4.104180837030287909e-01
2.599208742190983745e-01
2.260235447339699055e-01
1.377691059485193215e-01
9.027473336657259040e-01
5.233804691270188547e-01
8.662266286024533635e-02
3.962898578889106904e-01
3.658694055121839428e-01
3.747756930195994540e-01
2.028752620501765858e-01
7.100329385225324641e-01
4.118918923698727808e-01
4.489714700073055287e-02
7.298802706730649348e-01
8.321324635392366442e-01
2.136110645782240969e-01
4.814716123620628174e-01
2.988766870591156311e-01
6.081962341542452855e-01
7.845120115389819793e-01
3.289607451993320497e-01
7.850068177333006103e-01
2.244713118047890754e-01
5.790484719465421870e-01
7.796648217558754812e-02
3.839166694746379838e-01
6.990975307011247919e-01
4.708753090019826004e-01
9.585722347310192681e-01
4.791919383145625266e-01
8.828504412461912754e-01
2.890016018410379584e-02
8.637962837839279207e-01
2.436254589967915551e-01
8.996037053362420099e-01
7.027726848124161707e-01
7.622087478475131350e-01
4.601395397794995068e-01
8.629596092977662725e-01
1.432168515032850031e-01
7.352243839238414846e-01
8.133109020468798356e-01
7.524234419236841553e-02
5.643455931153045224e-01
1.999828950395480254e-01
6.068186802816833980e-01
2.346663649248551531e-01
3.913377927961064762e-01
7.681162278105641006e-01
5.076377428356612098e-01
5.423029148283091683e-01
8.723081421156494430e-01
3.442760060060803262e-01
9.566575714970659838e-03
4.323334692842824012e-01
8.454006980635229151e-01
5.693892207432984520e-01
2.090517442364181466e-01
7.271296462464128529e-01
3.527840665991962554e-01
8.088849658435340872e-01
3.064582401083497665e-01
7.048508973563090141e-01
8.688734256106075415e-01
8.809220867357112628e-01
5.598213132037767048e-01
2.327493882471538544e-01
2.196912755398595651e-01
4.884747413661711946e-01
1.192637633722707369e-01
9.945579300219005159e-01
3.629132614599306361e-02
8.135664976336003384e-01
6.513153935875776179e-01
3.208557285753654842e-02
3.430505303708220044e-01
8.558855730519594474e-01
6.431220969784438024e-01
5.119743936542496821e-01
5.038991888985322465e-01
1.519947112327370009e-01
2.389714166260952233e-01
2.951129367259190950e-01
6.085134939815195487e-01
5.894789007139820125e-01
2.815227270519303771e-01
5.302925472876677260e-01
2.394640378251130519e-01
7.028820384633718277e-01
8.218711650837717819e-02
7.903881815476112571e-01
3.046794678746240770e-01
4.183392588959428116e-01
8.870673201652586881e-01
4.207666078498254469e-01
7.353351286118772201e-01
2.678492065909339193e-01
6.202988824650677024e-01
5.852858228814106223e-02
7.555644024368487477e-01
9.360494106858752161e-01
9.405802735813646454e-01
2.595879848864832695e-01
2.562583874899160286e-02
7.955989444164576208e-01
5.199964271623577217e-01
6.854140751042474555e-01
9.902799094256156121e-01
6.364840369031773415e-01
5.423202262024695575e-01
6.862505546646727739e-01
7.473311205691859360e-01
1.998078643412963817e-01
6.140493832227450488e-01
4.769331004938928142e-01
7.158166615318776183e-01
2.261778895562661651e-01
5.250858027658448224e-01
7.657784744848828984e-01
9.218362362910624830e-01
9.766900466270674874e-01
6.274523858519380770e-01
1.416943801555481386e-01
6.557729672380857577e-01
5.427439851898435696e-01
4.730704772009879377e-01
7.568079852982293465e-01
8.386399436164927446e-01
4.495928903490196138e-01
9.896787015185928293e-01
3.846680680115988071e-02
5.130590337676745882e-01
9.812462749938796192e-01
2.777834232341420684e-01
8.590172277224948916e-01
2.784321431254851431e-01
2.237840314978065681e-01
1.994078851522780305e-01
2.155167006905098770e-01
1.865510010065124513e-01
2.742078249722601502e-01
7.812760711498589750e-01
4.212178343254376900e-01
7.527516182692761681e-03
1.253287109543418376e-01
3.373877994695533289e-01
4.711173431235796683e-01
8.422624112599980117e-01
5.354160673432108997e-01
6.697770211962573716e-01
6.914844397074764171e-01
3.630423970157754532e-01
9.280715515745762145e-01
5.472406231418859290e-01
8.089057030140101023e-01
7.554722814517148555e-01
6.325393242332847388e-01
2.282353457064320024e-01
1.510798740086292113e-01
9.806482595720111828e-02
2.320478378150506726e-01
2.074703023671092827e-01
4.610627373667418594e-01
2.191391379994787059e-01
6.977723921018719189e-01
1.333279799339448513e-02
9.028409952415087369e-01
6.441353408237371347e-02
7.661156202945169635e-01
4.367276283810860305e-01
2.940677004932934491e-01
6.054410912637920861e-01
3.218423477919118980e-02
3.650228995422425404e-01
9.658358595968430382e-01
1.292929214678161243e-01
8.408758313359036007e-01
4.017188336952419725e-01
1.119210027356726256e-01
8.240896942006854520e-01
1.871912922666928436e-01
8.973083313517782322e-02
1.938613391248968920e-01
9.590403852215851899e-01
3.670617949787413625e-01
6.977324560278219678e-02
2.696172681234646484e-01
2.905388958186037041e-01
2.937643160453092817e-01
9.789782715841777172e-02
5.597577094102367257e-01
9.604401432290617935e-01
5.208657001291148170e-01
1.320189528149695590e-02
1.120638722794831121e-01
9.292934091548976649e-02
6.684067487294580445e-01
1.380684441514886673e-01
3.687736507078713810e-01
7.078031574684600091e-01
7.280307935146572706e-01
4.740455482670896670e-01
1.526818482779801478e-03
1.573467245676719584e-01
4.040571826124994548e-01
3.363888955450744511e-01
2.947206388810970079e-01
7.968881448556822678e-01
9.443177358772282259e-01
5.831989939318262817e-01
5.632405136873641638e-02
8.592576406886692775e-01
7.401038900135042953e-01
1.965698679843310703e-01
8.236160250852029296e-01
4.697460637683905649e-01
4.351057869528653921e-01
3.312246558242024630e-01
7.585502866967831492e-01
9.864510602802467609e-03
8.661902187719922042e-01
7.378928700811410168e-01
1.498604778934681248e-01
2.854588267212870845e-01
7.506437511684282970e-01
2.170718568523957170e-01
3.860424111634351840e-01
7.566685326527854416e-01
7.862372290936220365e-01
9.871098622372384002e-01
5.978066789779963308e-01
8.576356599832035688e-02
7.174797099936773837e-01
1.800379701693907153e-01
9.293011656563741063e-01
8.888293843809369488e-01
9.619522252813559327e-01
8.393401331314588321e-01
9.568482799059087052e-01
4.335565751566037296e-01
5.241839291087783126e-01
2.309057002834223882e-01
9.538963148430300576e-01
8.039986212699200552e-01
8.267049486487890730e-01
8.321200235522957511e-01
9.539402506397393067e-01
1.075973612387856049e-01
1.417577934802417561e-01
8.589537127433646280e-01
6.353410039821272282e-01
1.013149775601146496e-01
2.353425253196995692e-01
1.844169669646610332e-01
2.819235101109233144e-01
3.293881350918529405e-01
4.371059720830735573e-01
9.562632079109676386e-01
5.505164562681647000e-01
3.202764858013135152e-01
7.453708440742252694e-01
5.619937898826246059e-01
2.022813988988818590e-01
4.993029019189488826e-01
2.284996627676449954e-01
3.901499116564285385e-01
6.832226687130888987e-01
3.081783469078525073e-02
1.593540052246147365e-01
4.363193195501359201e-01
3.071529663737142535e-01
6.776870756890583936e-01
9.700639883177230027e-01
1.907908831643566616e-01
7.133746463160151041e-01
6.242139704967054614e-01
8.329767970527108822e-01
3.304968031517134808e-01
9.201870326957048984e-01
8.411094333308394289e-01
7.201896560936487113e-01
6.217570926683795296e-01
4.672916909396211960e-01
4.646434339643507050e-01
4.708927514104344070e-03
7.546808326296273739e-01
1.168437301892358837e-01
6.396176190250697502e-01
2.784227299120539678e-01
7.420401698666856394e-02
4.079817037891562137e-01
8.214626786465994979e-01
2.604812150581206076e-01
9.237780027407602734e-01
5.106471738082050127e-01
9.873378488017117149e-01
8.882994480593304765e-01
7.841988932050236727e-02
4.027279157789165343e-02
7.952882660393512104e-01
5.367617903389411138e-01
8.553277553615563633e-01
2.141173845008215171e-02
6.183580104004132716e-01
8.775351805310588338e-01
7.004315142101353864e-01
9.816983959909764135e-02
5.720790955835429736e-01
5.939556291018780465e-01
7.398281780712059330e-01
3.939268286993836687e-01
3.264311399526491630e-01
2.595338878027989571e-01
6.658342979740442535e-01
8.076248131677542519e-01
6.904393453608145270e-01
4.239429892276603828e-01
9.671621888029994230e-01
8.347633264492333449e-01
8.402108793617522053e-01
5.284235210551520012e-01
9.269213168035670414e-01
6.578169341241978385e-01
3.776754029308757588e-01
4.117594545052728483e-01
8.185632957568617085e-01
